1758114425010 0.43478260869565216 20
1758114431299 0.8695652173913043 40
1758114434413 1.0 46
1758114439212 1.3043478260869565 60
1758114445450 1.7391304347826086 80
1758114449566 2.0 92
1758114452413 2.1739130434782608 100
1758114457589 2.608695652173913 120
1758114462863 3.0 138
1758114464547 3.0434782608695654 140
1758114469533 3.4782608695652173 160
1758114474611 3.9130434782608696 180
1758114477009 4.0 184
1758114481218 4.3478260869565215 200
1758114486840 4.782608695652174 220
1758114490400 5.0 230
1758114493559 5.217391304347826 240
1758114498612 5.6521739130434785 260
1758114503373 6.0 276
1758114505483 6.086956521739131 280
1758114510693 6.521739130434782 300
1758114515564 6.956521739130435 320
1758114517512 7.0 322
1758114522283 7.391304347826087 340
1758114527351 7.826086956521739 360
1758114530579 8.0 368
1758114534347 8.26086956521739 380
1758114539424 8.695652173913043 400
1758114543920 9.0 414
1758114546464 9.130434782608695 420
1758114551889 9.565217391304348 440
1758114558171 10.0 460
1758114560083 10.0 460
1758114561607 10.0 460
