1758114425010 2.934934377670288 20
1758114431299 3.0629019737243652 40
1758114439212 5.5533270835876465 60
1758114445450 3.6040916442871094 80
1758114452413 4.265434265136719 100
1758114457589 3.800586700439453 120
1758114464547 4.035746097564697 140
1758114469533 4.827840805053711 160
1758114474611 5.430645942687988 180
1758114481218 4.74229097366333 200
1758114486840 4.66004753112793 220
1758114493559 4.318478584289551 240
1758114498612 5.358034133911133 260
1758114505483 3.9720749855041504 280
1758114510693 5.491234302520752 300
1758114515564 4.272487163543701 320
1758114522283 4.441064357757568 340
1758114527351 5.435930252075195 360
1758114534347 4.761425495147705 380
1758114539424 5.478298664093018 400
1758114546464 5.294769287109375 420
1758114551889 4.376160621643066 440
1758114558171 5.270265102386475 460
