1758114425010 8.260869565217392e-06 20
1758114431299 1.6956521739130437e-05 40
1758114439212 1.9371980676328502e-05 60
1758114445450 1.8405797101449276e-05 80
1758114452413 1.743961352657005e-05 100
1758114457589 1.6473429951690824e-05 120
1758114464547 1.5507246376811594e-05 140
1758114469533 1.4541062801932368e-05 160
1758114474611 1.3574879227053142e-05 180
1758114481218 1.2608695652173915e-05 200
1758114486840 1.1642512077294687e-05 220
1758114493559 1.0676328502415461e-05 240
1758114498612 9.710144927536233e-06 260
1758114505483 8.743961352657005e-06 280
1758114510693 7.77777777777778e-06 300
1758114515564 6.811594202898551e-06 320
1758114522283 5.845410628019324e-06 340
1758114527351 4.879227053140097e-06 360
1758114534347 3.91304347826087e-06 380
1758114539424 2.9468599033816426e-06 400
1758114546464 1.9806763285024155e-06 420
1758114551889 1.0144927536231885e-06 440
1758114558171 4.8309178743961356e-08 460
