1758114425010 3.064 20
1758114431299 3.0283 40
1758114439212 2.9354 60
1758114445450 2.8432 80
1758114452413 2.7676 100
1758114457589 2.6062 120
1758114464547 2.6762 140
1758114469533 2.6947 160
1758114474611 2.4628 180
1758114481218 2.5099 200
1758114486840 2.5236 220
1758114493559 2.3837 240
1758114498612 2.5499 260
1758114505483 2.3641 280
1758114510693 2.4497 300
1758114515564 2.3117 320
1758114522283 2.2745 340
1758114527351 2.2647 360
1758114534347 2.2243 380
1758114539424 2.4044 400
1758114546464 2.2378 420
1758114551889 2.2697 440
1758114558171 2.2013 460
