1758118050115 0.43478260869565216 20
1758118053231 0.8695652173913043 40
1758118054973 1.0 46
1758118057602 1.3043478260869565 60
1758118060820 1.7391304347826086 80
1758118063427 2.0 92
1758118065236 2.1739130434782608 100
1758118069138 2.608695652173913 120
1758118073197 3.0 138
1758118074668 3.0434782608695654 140
1758118078558 3.4782608695652173 160
1758118082477 3.9130434782608696 180
1758118084268 4.0 184
1758118087679 4.3478260869565215 200
1758118091580 4.782608695652174 220
1758118094271 5.0 230
1758118096892 5.217391304347826 240
1758118100998 5.6521739130434785 260
1758118104598 6.0 276
1758118106353 6.086956521739131 280
1758118110560 6.521739130434782 300
1758118114552 6.956521739130435 320
1758118116179 7.0 322
1758118119986 7.391304347826087 340
1758118124002 7.826086956521739 360
1758118126414 8.0 368
1758118129225 8.26086956521739 380
1758118133124 8.695652173913043 400
1758118136445 9.0 414
1758118138468 9.130434782608695 420
1758118142337 9.565217391304348 440
1758118146345 10.0 460
1758118147559 10.0 460
1758118148650 10.0 460
