1758118050115 3.333449363708496 20
1758118053231 3.2024927139282227 40
1758118057602 4.972702503204346 60
1758118060820 3.3945891857147217 80
1758118065236 4.651465892791748 100
1758118069138 3.8468964099884033 120
1758118074668 5.4239044189453125 140
1758118078558 4.616739273071289 160
1758118082477 5.913384437561035 180
1758118087679 4.656992435455322 200
1758118091580 5.152743816375732 220
1758118096892 5.803403377532959 240
1758118100998 6.180322170257568 260
1758118106353 4.947190284729004 280
1758118110560 4.944552898406982 300
1758118114552 4.888838768005371 320
1758118119986 5.809616565704346 340
1758118124002 5.968714237213135 360
1758118129225 5.843983173370361 380
1758118133124 6.481818675994873 400
1758118138468 5.441089630126953 420
1758118142337 5.126618385314941 440
1758118146345 5.607944011688232 460
