1758118050115 8.260869565217392e-06 20
1758118053231 1.6956521739130437e-05 40
1758118057602 1.9371980676328502e-05 60
1758118060820 1.8405797101449276e-05 80
1758118065236 1.743961352657005e-05 100
1758118069138 1.6473429951690824e-05 120
1758118074668 1.5507246376811594e-05 140
1758118078558 1.4541062801932368e-05 160
1758118082477 1.3574879227053142e-05 180
1758118087679 1.2608695652173915e-05 200
1758118091580 1.1642512077294687e-05 220
1758118096892 1.0676328502415461e-05 240
1758118100998 9.710144927536233e-06 260
1758118106353 8.743961352657005e-06 280
1758118110560 7.77777777777778e-06 300
1758118114552 6.811594202898551e-06 320
1758118119986 5.845410628019324e-06 340
1758118124002 4.879227053140097e-06 360
1758118129225 3.91304347826087e-06 380
1758118133124 2.9468599033816426e-06 400
1758118138468 1.9806763285024155e-06 420
1758118142337 1.0144927536231885e-06 440
1758118146345 4.8309178743961356e-08 460
