1758118050115 3.0485 20
1758118053231 3.0499 40
1758118057602 3.0202 60
1758118060820 3.0088 80
1758118065236 3.0019 100
1758118069138 2.9385 120
1758118074668 2.9605 140
1758118078558 2.9447 160
1758118082477 2.8042 180
1758118087679 2.8584 200
1758118091580 2.7134 220
1758118096892 2.7889 240
1758118100998 2.731 260
1758118106353 2.7341 280
1758118110560 2.7038 300
1758118114552 2.5932 320
1758118119986 2.6049 340
1758118124002 2.6291 360
1758118129225 2.6349 380
1758118133124 2.6507 400
1758118138468 2.6121 420
1758118142337 2.5866 440
1758118146345 2.5775 460
