1758118756552 0.8695652173913043 20
1758118772348 1.0 23
1758118824530 1.7391304347826086 40
1758118848484 2.0 46
1758118891506 2.608695652173913 60
1758118924539 3.0 69
1758118958790 3.4782608695652173 80
1758119002150 4.0 92
1758119027527 4.3478260869565215 100
1758119079380 5.0 115
1758119095853 5.217391304347826 120
1758119158111 6.0 138
1758119165655 6.086956521739131 140
1758119227735 6.956521739130435 160
1758119236629 7.0 161
1758119293747 7.826086956521739 180
1758119311671 8.0 184
1758119359777 8.695652173913043 200
1758119386549 9.0 207
1758119426074 9.565217391304348 220
1758119461329 10.0 230
1758119491982 10.434782608695652 240
1758119536834 11.0 253
1758119558710 11.304347826086957 260
1758119611980 12.0 276
1758119624995 12.173913043478262 280
1758119686954 13.0 299
1758119690967 13.043478260869565 300
1758119750807 13.91304347826087 320
1758119762678 14.0 322
1758119816802 14.782608695652174 340
1758119837583 15.0 345
1758119882726 15.652173913043478 360
1758119913097 16.0 368
1758119950893 16.52173913043478 380
1758119989864 17.0 391
1758120017737 17.391304347826086 400
1758120064959 18.0 414
1758120083944 18.26086956521739 420
1758120140031 19.0 437
1758120150112 19.130434782608695 440
1758120211408 20.0 460
1758120217250 20.0 460
1758120218600 20.0 460
