1758118756552 6.492546081542969 20
1758118824530 8.758110046386719 40
1758118891506 11.164088249206543 60
1758118958790 11.91363525390625 80
1758119027527 10.777894973754883 100
1758119095853 8.950562477111816 120
1758119165655 10.011086463928223 140
1758119227735 9.670634269714355 160
1758119293747 9.552389144897461 180
1758119359777 9.510512351989746 200
1758119426074 7.51609992980957 220
1758119491982 11.980565071105957 240
1758119558710 9.776312828063965 260
1758119624995 6.169604301452637 280
1758119690967 3.5673329830169678 300
1758119750807 8.266160011291504 320
1758119816802 7.439709186553955 340
1758119882726 4.470524787902832 360
1758119950893 4.595329761505127 380
1758120017737 3.089351177215576 400
1758120083944 5.305171966552734 420
1758120150112 2.3349061012268066 440
1758120211408 3.3947718143463135 460
