1758118756552 1.2391304347826088e-05 20
1758118824530 2.5434782608695653e-05 40
1758118891506 2.9057971014492753e-05 60
1758118958790 2.7608695652173914e-05 80
1758119027527 2.615942028985507e-05 100
1758119095853 2.4710144927536232e-05 120
1758119165655 2.3260869565217393e-05 140
1758119227735 2.181159420289855e-05 160
1758119293747 2.036231884057971e-05 180
1758119359777 1.891304347826087e-05 200
1758119426074 1.7463768115942032e-05 220
1758119491982 1.601449275362319e-05 240
1758119558710 1.4565217391304348e-05 260
1758119624995 1.3115942028985507e-05 280
1758119690967 1.1666666666666668e-05 300
1758119750807 1.0217391304347827e-05 320
1758119816802 8.768115942028986e-06 340
1758119882726 7.318840579710145e-06 360
1758119950893 5.869565217391305e-06 380
1758120017737 4.420289855072464e-06 400
1758120083944 2.971014492753623e-06 420
1758120150112 1.5217391304347827e-06 440
1758120211408 7.246376811594203e-08 460
