1758118756552 3.081 20
1758118824530 3.0354 40
1758118891506 2.9316 60
1758118958790 2.7492 80
1758119027527 2.3757 100
1758119095853 1.9064 120
1758119165655 1.7191 140
1758119227735 1.4928 160
1758119293747 1.2253 180
1758119359777 1.2458 200
1758119426074 1.001 220
1758119491982 0.8589 240
1758119558710 0.7541 260
1758119624995 0.6635 280
1758119690967 0.5544 300
1758119750807 0.5042 320
1758119816802 0.4527 340
1758119882726 0.3948 360
1758119950893 0.3604 380
1758120017737 0.3141 400
1758120083944 0.2908 420
1758120150112 0.2435 440
1758120211408 0.2537 460
