1758125740999 0.8695652173913043 20
1758125758693 1.0 23
1758125855746 1.7391304347826086 40
1758125895972 2.0 46
1758125967384 2.608695652173913 60
1758126025507 3.0 69
1758126085035 3.4782608695652173 80
1758126158251 4.0 92
1758126202006 4.3478260869565215 100
1758126289619 5.0 115
1758126315507 5.217391304347826 120
1758126377114 6.0 138
1758126387531 6.086956521739131 140
1758126451686 6.956521739130435 160
1758126461138 7.0 161
1758126521265 7.826086956521739 180
1758126540101 8.0 184
1758126591409 8.695652173913043 200
1758126621353 9.0 207
1758126661243 9.565217391304348 220
1758126696880 10.0 230
1758126730624 10.434782608695652 240
1758126779657 11.0 253
1758126803785 11.304347826086957 260
1758126861940 12.0 276
1758126875863 12.173913043478262 280
1758126941235 13.0 299
1758126945726 13.043478260869565 300
1758127013513 13.91304347826087 320
1758127026310 14.0 322
1758127096549 14.782608695652174 340
1758127136948 15.0 345
1758127208236 15.652173913043478 360
1758127248508 16.0 368
1758127312994 16.52173913043478 380
1758127377336 17.0 391
1758127419875 17.391304347826086 400
1758127496912 18.0 414
1758127533016 18.26086956521739 420
1758127632601 19.0 437
1758127650345 19.130434782608695 440
1758127750407 20.0 460
1758127760450 20.0 460
1758127761656 20.0 460
