1758125740999 9.513628959655762 20
1758125855746 16.589359283447266 40
1758125967384 14.489899635314941 60
1758126085035 18.913423538208008 80
1758126202006 10.47314167022705 100
1758126315507 8.9882230758667 120
1758126387531 12.876212120056152 140
1758126451686 6.158118724822998 160
1758126521265 11.132883071899414 180
1758126591409 10.553308486938477 200
1758126661243 6.5022993087768555 220
1758126730624 6.837522983551025 240
1758126803785 5.5318827629089355 260
1758126875863 5.19710111618042 280
1758126945726 2.429370641708374 300
1758127013513 4.257671356201172 320
1758127096549 4.1658148765563965 340
1758127208236 1.4473958015441895 360
1758127312994 2.028254270553589 380
1758127419875 2.579366445541382 400
1758127533016 2.5127081871032715 420
1758127650345 1.8596011400222778 440
1758127750407 1.5251551866531372 460
