1758125740999 1.2391304347826088e-05 20
1758125855746 2.5434782608695653e-05 40
1758125967384 2.9057971014492753e-05 60
1758126085035 2.7608695652173914e-05 80
1758126202006 2.615942028985507e-05 100
1758126315507 2.4710144927536232e-05 120
1758126387531 2.3260869565217393e-05 140
1758126451686 2.181159420289855e-05 160
1758126521265 2.036231884057971e-05 180
1758126591409 1.891304347826087e-05 200
1758126661243 1.7463768115942032e-05 220
1758126730624 1.601449275362319e-05 240
1758126803785 1.4565217391304348e-05 260
1758126875863 1.3115942028985507e-05 280
1758126945726 1.1666666666666668e-05 300
1758127013513 1.0217391304347827e-05 320
1758127096549 8.768115942028986e-06 340
1758127208236 7.318840579710145e-06 360
1758127312994 5.869565217391305e-06 380
1758127419875 4.420289855072464e-06 400
1758127533016 2.971014492753623e-06 420
1758127650345 1.5217391304347827e-06 440
1758127750407 7.246376811594203e-08 460
