1758125740999 3.0061 20
1758125855746 2.9373 40
1758125967384 2.8469 60
1758126085035 2.7149 80
1758126202006 2.2212 100
1758126315507 1.8648 120
1758126387531 1.5463 140
1758126451686 1.2939 160
1758126521265 1.0113 180
1758126591409 0.9565 200
1758126661243 0.6655 220
1758126730624 0.6245 240
1758126803785 0.473 260
1758126875863 0.4382 280
1758126945726 0.34 300
1758127013513 0.3066 320
1758127096549 0.2673 340
1758127208236 0.2435 360
1758127312994 0.1982 380
1758127419875 0.2051 400
1758127533016 0.1711 420
1758127650345 0.1583 440
1758127750407 0.1525 460
